8.33221097932303
24.150073414109475
90.93432905223914
7.372290495353617
95.36029189148708
89.07013601686657
21.959612185570656
88.40818152641027
90.95884409268577
2.7546793285370796
48.213011595443014
20.218239549422933
96.36432299122255
51.929016153999505
29.481654447950124
0.009677254050488582
15.31921102495687
39.96559537497589
89.2122215806074
75.17614773089953
31.794453418171276
85.91851984020576
60.2117267977045
4.5934722405712165
81.91516390239849
75.30297618173458
30.60776833222125
11.469002833071663
16.210845940396723
25.659776076489717
92.09771185234284
36.14603003144134
42.15897133077217
33.94906981656226
62.926353953549
40.331203204388565
8.963455969783563
79.9461833134233
56.56680694597406
10.404194971068137
46.60722597524772
70.06649056393155
93.73949090963154
56.785389171982615
99.44069272647282
19.42508335526779
10.18928450238995
8.778630908594309
0.9156703629519369
86.44094719811807
95.55101673298306
59.87263847672093
20.54683996492246
93.92422131881868
9.66867471138313
27.175934217885477
76.78061734626691
93.33907343443012
61.89383358192283
50.47666467216313
50.17386147696157
54.813582636237655
6.173973837587365
71.3600565450587
50.132549650317706
94.47195545940693
0.15151416505568838
0.8826190693111413
85.43321397950336
82.7932863805153
0.02953997818607723
5.493671579315373
63.847551845959295
12.955012908094087
14.620371214459649
15.211153805979084
99.41330526827247
46.49809088509935
21.778257992092996
85.50006836130677
37.24218524873459
95.15482744415657
58.327644687081396
24.86834140726295
15.228192678063191
42.309218503480864
30.633634671892594
33.88625981403428
69.61744343889438
55.313570095531425
57.12140015160805
88.15209724006716
57.1231858079164
90.76403387358904
46.33643791864069
37.66787932475746
10.117393687544284
48.841641617948206
34.547803716186564
88.15571587438674