99.43985501617624
98.3911830296147
97.40431305397452
96.49322561127731
95.93687401443178
94.77257300854528
93.68202363814395
92.39888837144487
91.1273412518296
90.31615933556586
89.92822796999074
88.43079592375044
87.835579517526
86.7402753829136
85.02402242662303
84.55724644805416
83.16435709248682
82.13882658830096
81.17778825273945
80.87271617530972
79.25234902405741
78.30325952958137
77.1602419638156
76.69486091946753
75.97085430129299
74.16100988549773
73.95580766995339
72.15899329812726
71.39305099196594
70.02821376006636
69.4258003802321
68.28955828837961
67.4637987294709
66.32075586066286
65.43926197203021
64.3650438226589
63.67397401578478
62.34526700864202
61.06889186431761
60.76092740993038
59.70055040844356
58.80047266475906
57.87236691419304
56.354673435693684
55.91211253185109
54.65933318233458
53.98344618998898
52.00746038491679
51.35921889345318
50.17370525471192
49.72260796943646
48.5992307036631
47.37000570504669
46.845793885901905
45.703567763011115
44.58682069242006
43.153649805356245
42.34445208495365
41.95987793691389
40.07934136749827
39.877785825590536
38.5094257911773
37.444910787611654
36.98064537978087
35.53069910214543
34.78292965951411
33.368878728653925
32.83562967865205
31.50509236931676
30.635478864282028
29.228146711424376
28.635286790475135
27.247451079032082
26.81169104826675
25.05494350200881
24.98483244496638
23.505508161718915
22.511811638133313
21.36968021488486
20.71990075958158
19.676036576485796
18.94600459387186
17.553435606987012
16.267712695586724
15.506173523522506
14.050990034324318
13.87476998512473
12.793287196977902
11.933707432317828
10.542399188696303
9.20288018059697
8.44517880496679
7.165235188243983
6.891255705735917
5.518210458531818
4.820889295052699
3.1858235901495875
2.259282340801479
1.6919851926300833
0.10901533696501509