0.7124690344633269
1.875816683769931
2.506263919385578
3.2675160960284244
4.925670350049076
5.314217317666058
6.583378439561789
7.373430721648182
8.955198362560873
9.375463066580785
10.524600950258636
11.15476126904574
12.553962536329495
13.542416806638654
14.69294877341544
15.526969641605934
16.448622786332653
17.50510107436607
18.553342571222675
19.2338051412254
20.616918289700845
21.929341939430984
22.29606216199141
23.0444918451043
24.979731086110398
25.493762471668013
26.61201296581078
27.526287879068782
28.45884276485766
29.498867487014966
30.090780781366227
31.54820854105088
32.58669399688477
33.56387470255827
34.46342959523629
35.024244811301834
36.37105852771307
37.670112260867384
38.444222711648955
39.78819737653977
40.915394205733854
41.08421598187229
42.23892541915214
43.90728583068457
44.37473587007865
45.50002422970369
46.88207251023453
47.18798136226849
48.18734587054007
49.07498210932925
50.441561858359556
51.105050517948996
52.16394024644368
53.90503072755098
54.786160659136875
55.89358679773299
56.93915923135233
57.88137155438633
58.04998864172375
59.08384545841433
60.49405339700034
61.803159729176656
62.147767933664575
63.32998655685345
64.94370717097556
65.0820944991337
66.69560696640156
67.98636989772811
68.55072418834528
69.36803856004491
70.47431133947345
71.51883474078105
72.97314942280423
73.94921281176202
74.13569209128686
75.50343615512789
76.08450546033272
77.83617641169816
78.1970674938955
79.66139920009962
80.31397117072338
81.02571664535947
82.49513169592139
83.10659066500065
84.34633321598311
85.55893672426186
86.17758986761072
87.74059791082048
88.19419183595122
89.6372441204801
90.99943602791896
91.52054243021323
92.10900428646055
93.24060573991457
94.16047620214518
95.14604590754993
96.53290071369041
97.40435038973753
98.17167659583393
99.56430467603415